45.86
-493.91
-14.26
-96.36
54.92
-158.81
6.68
-205.06
-260.76
-133.28
-278.10
-858.69
-586.60
50.45
-566.74
-478.54
-44.97
-558.50
-450.73
-175.28
-117.03
-175.74
-674.23
-365.02
64.31
-52.88
-628.86
-541.06
-461.12
-618.79
-233.37
-211.80
-353.48
-311.25
-176.30
-112.66
-38.41
-173.98
-72.94
-2.62
-141.79
-46.17
-29.79
-257.04
-627.39
-123.76
-33.97
-157.95
-154.43
-126.83
-245.36
-62.28
-78.05
-191.15
-187.31
-31.29
-235.31
-305.04
-260.74
35.16
-444.71
-245.34
-473.89
-67.97
-58.56
-359.35
-106.53
-0.74
16.40
-122.25
-215.01
-28.24
-589.61
-73.33
-211.60
-17.55
-536.56
-193.71
-212.71
-220.42
-97.02
-328.70
-442.10
-454.43
3.81
-77.91
-581.94
-102.58
-51.64
-776.39
-71.27
-574.26
-29.09
-196.09
-50.61
-61.36
-35.81
-43.03
-164.41
-61.58
982.15
1297.04
1032.46
1451.67
1262.09
888.95
1206.69
1335.75
997.27
1211.73
962.62
1266.66
1332.47
1344.86
1374.69
1228.79
943.74
957.00
1183.04
973.77
1426.87
1366.65
1051.55
1266.07
982.56
1374.98
913.45
992.93
880.15
854.54
1253.40
1115.54
1170.94
924.86
1222.06
829.65
1098.79
1297.84
1243.05
1067.42
975.32
1112.29
1204.93
716.63
1177.39
1285.77
1379.27
1335.03
998.23
1247.59
947.22
1320.40
1152.94
1294.77
1151.07
1066.26
1283.92
1153.18
850.53
954.54
1226.96
721.31
1214.65
1062.54
1264.48
1306.17
894.69
935.47
1432.05
361.96
796.47
1074.82
1034.89
1112.09
1154.75
1315.53
1343.25
974.58
829.32
976.65
1319.99
1169.25
1085.13
1441.71
1198.49
1049.42
1003.19
1000.06
1035.57
1294.30
1302.53
1234.61
1118.95
825.87
745.11
1216.48
1154.08
618.65
630.37
1072.34
1826.74
1495.13
1694.14
1263.24
1371.95
1851.96
1375.97
1115.36
1103.70
1659.39
1470.84
1435.98
1443.95
1333.46
1740.12
1614.17
1536.52
1376.34
1573.91
1540.47
1025.25
1540.48
1904.31
1727.24
1707.06
1274.38
1436.88
1685.78
1318.51
1691.31
856.49
1482.19
1339.77
1552.70
1186.63
1770.59
1250.41
1527.66
1578.79
1426.15
1366.09
1365.72
1064.02
1489.45
1580.22
1675.74
1652.84
1884.10
1538.44
1713.24
1453.45
1195.17
1664.83
1504.22
1806.43
1305.21
1386.55
1080.58
1561.24
1415.55
1473.00
1663.99
1726.63
1373.86
1577.36
1691.10
1670.37
1420.65
1572.10
1762.69
1561.42
1662.22
1437.03
1151.61
911.12
1245.77
1733.21
1430.99
1485.95
1187.84
1745.82
1330.83
1566.43
1823.96
1493.79
1672.72
1814.02
1277.11
1723.38
1240.68
1707.50
1634.60
1742.84
1849.61
1273.45
1373.91
1287.57
1968.22
1574.74
1689.03
1389.86
1063.39
1290.14
1053.96
1217.16
891.00
1078.79
1340.15
1276.86
1403.81
1210.05
1235.77
1190.73
1214.80
1170.81
773.08
1196.70
963.59
1163.64
1115.90
1376.75
852.13
1040.14
1279.77
1326.71
1196.83
1332.73
1384.63
1116.08
1159.97
619.11
729.92
951.77
1550.64
1278.75
982.52
1000.96
512.57
1143.51
1229.36
684.51
748.23
1275.05
1367.96
882.79
1172.53
1309.30
587.18
1127.70
1262.58
1477.58
1231.15
967.23
1259.17
945.28
932.92
1285.93
1344.45
892.41
886.89
982.33
1149.75
1527.69
1304.18
615.84
1403.42
1391.43
1134.15
866.65
1207.41
1170.05
1129.10
1353.28
1239.63
1325.96
1216.86
1284.79
915.98
1007.55
1309.05
967.36
1174.23
1277.42
900.45
1325.00
1108.57
1547.43
480.81
1087.64
1282.07
986.87
1156.52
1069.53
1238.88
1492.15
1249.52
1295.73
1136.46
1255.19
1415.39
1291.98
982.38
1195.98
1318.97
1064.10
875.03
1211.48
1088.32
451.74
1357.00
988.94
1188.96
1059.15
884.15
1070.12
856.92
1455.36
585.04
1432.77
507.92
1204.61
868.18
913.74
902.41
999.17
1038.44
1359.48
1029.82
563.13
1457.55
647.56
989.86
1212.82
1201.48
923.31
1544.65
687.55
1133.44
814.89
1140.30
1112.81
1172.73
923.01
937.26
785.62
1331.20
556.67
1072.42
1393.32
876.94
616.01
684.39
772.13
951.19
1197.66
958.31
1125.23
969.99
844.00
924.82
1172.46
1143.81
1065.42
1025.12
1359.26
887.20
1207.60
1192.04
1228.24
736.21
845.91
1074.82
1211.67
1108.41
1062.00
1235.67
1178.98
1332.18
1257.77
828.74
937.19
1018.46
695.19
761.89
1168.66
999.25
1365.59
1142.68
902.09
1391.69
852.65
613.61
865.80
1071.11
836.26
740.25
1166.66
1047.92
1195.56
1001.78
1143.09
1124.71
907.13
645.84
1148.95
644.33
1221.42
893.93
1120.32
766.78
1069.40
851.22
932.09
825.57
696.84
1093.05
911.65
1303.21
1087.98
856.20
1258.31
1136.30
1270.34
826.83
905.55
824.38
875.30
960.49
1264.01
790.82
945.86
1140.35
984.17
955.48
705.01
962.32
1398.04
753.97
1222.82
877.89
993.43
1118.93
1021.86
474.53
850.37
816.41
1226.11
1271.78
826.29
1197.85
1222.82
1102.81
1175.35
1335.63
1106.35
722.48
969.83
1015.12
1183.56
1171.11
1082.32
1179.69
1193.89
939.73
1188.15
965.42
947.13
869.64
1172.53
1311.71
891.55
781.23
1052.44
1395.47
1164.36
963.24
1287.09
961.91
1264.69
798.37
898.26
1111.64
882.83
851.90
1077.08
1227.48
1315.77
1192.47
1062.31
1299.98
1323.77
1204.19
1233.43
1360.48
997.88
1209.74
1189.43
1281.19
998.65
1112.63
1296.71
991.99
1393.54
1159.00
850.69
1179.72
1040.01
747.58
976.54
1232.46
1095.92
1224.24
1067.93
1345.09
1177.01
1067.93
1053.44
1143.88
1256.31
902.88
1386.00
664.31
1144.00
757.54
1117.65
1151.46
1343.82
970.51
1391.53
1020.78
1012.58
970.55
1002.43
1231.13
1164.39
937.86
1278.69
1167.21
903.27
1309.07
695.16
1154.56
981.98
1203.67
1241.69
1070.56
891.22
1261.83
1200.18
987.11
1554.95
1599.52
1726.89
1615.75
1662.66
1808.48
1675.13
1754.74
1626.42
1712.35
1749.38
1714.96
1634.54
1761.25
1768.91
1741.14
1692.56
1677.12
1660.53
1749.99
1689.75
1622.45
1574.51
1692.16
1672.51
1702.57
1581.10
1696.89
1546.74
1676.70
1737.07
1642.93
1713.67
1742.87
1644.52
1744.84
1561.51
1765.66
1866.67
1548.35
1601.69
1763.62
1718.93
1586.15
1613.47
1809.62
1636.22
1744.10
1797.65
1735.64
1590.29
1725.18
1607.76
1641.92
1793.02
1742.21
1678.28
1632.42
1642.41
1604.22
1698.34
1655.29
1683.60
1693.14
1700.01
1778.81
1732.78
1631.17
1833.65
1568.44
1777.98
1592.39
1644.44
1752.80
1776.84
1717.33
1582.64
1647.25
1749.40
1628.07
1746.39
1517.43
1646.48
1849.40
1573.05
1561.93
1769.11
1525.62
1617.97
1659.04
1585.18
1667.48
1771.10
1635.86
1705.41
1667.18
1793.04
1615.04
1556.03
1707.70
1316.01
1119.36
844.60
1894.49
1236.63
741.22
1383.67
1459.27
899.31
1483.02
1904.63
1455.18
1767.36
1639.01
1458.38
1908.68
1590.28
1674.02
1859.63
1685.11
1259.38
1914.96
1635.95
1721.51
1549.26
1360.07
1365.65
1077.21
1828.94
1539.43
1824.64
1388.20
1758.85
956.03
1456.32
1889.12
836.68
1756.30
1474.17
562.40
1802.22
1685.75
1406.12
877.99
1233.22
1632.47
2016.43
775.66
1634.07
1464.45
1500.60
1239.95
1487.73
1867.59
1517.90
1286.81
1457.26
1746.16
1173.40
2090.49
1470.44
1308.24
826.25
322.06
1391.88
1090.37
1376.52
1970.96
1323.00
1040.39
1657.64
1310.66
1284.16
594.92
1323.55
1414.58
1531.80
1504.98
971.04
1427.04
1191.62
1199.72
1331.19
1537.70
833.33
1729.07
1253.48
1549.55
1120.44
1844.97
1820.94
1219.04
1530.62
1336.20
1410.09
1553.65
1865.99
1113.01
973.08
1150.96
1556.12
1707.40
1640.18
1823.71
1834.39
1745.84
1755.16
1615.73
1273.20
1683.05
1461.09
1086.46
668.95
1285.92
1448.29
1452.62
1655.94
1287.04
1442.04
1576.00
918.29
1581.16
1525.05
1292.74
1045.23
1813.49
1048.36
1495.95
1364.44
1741.32
787.75
1322.03
1235.96
951.50
905.61
1312.96
1272.53
1045.11
1770.22
1073.86
1027.14
1186.71
830.25
1736.58
1220.64
1915.78
1825.88
1239.44
1063.33
1578.83
1461.23
1502.22
1837.25
1818.50
1404.75
724.15
1362.37
981.16
1402.75
1660.30
1884.69
584.95
860.34
1228.69
1525.22
1388.39
1080.53
1419.60
1461.74
1828.20
1761.97
2050.64
1146.81
1878.50
1159.95
1258.54
1607.88
2133.23
1554.91
1706.99
1257.44
1947.00
1746.79
1524.91
1642.60
1338.86
720.55
961.41
1058.52
1609.71
1930.63
1772.19
1393.55
1230.31
1088.68
1357.99
1626.81
1686.48
1121.40
1589.80
1442.13
1220.43
1911.66
1355.64
1174.52
1658.06
1326.11
1579.58
1413.99
1932.15
1349.78
1638.04
1767.61
1407.29
1750.40
1942.05
1780.24
1939.69
1540.18
1313.65
1068.22
2009.66
1723.01
1796.04
1146.76
1558.34
1256.07
850.59
1276.57
1746.21
1118.17
1366.05
1482.11
1679.51
1900.44
1392.55
1765.02
1910.12
1981.62
1701.56
1399.94
1413.26
1708.30
1316.54
1934.48
1610.73
1126.39
1646.46
1803.04
1807.02
903.92
984.91
1899.45
1605.19
1605.42
2124.24
1352.02
2036.14
1421.80
2000.97
1177.74
1776.98
1000.38
1471.99
1616.12
1523.12
1190.02
1418.20
1170.45
1734.60
1476.99
963.76
1355.26
1837.16
720.06
1456.50
1710.97
1908.05
1701.03
1215.81
997.38
1196.02
977.14
1315.67
1386.59
1072.73
1570.43
1077.01
1343.24
1520.02
1385.74
1026.24
1876.65
1420.50
1202.96
1423.84
747.21
1540.12
1210.37
1554.73
977.31
1559.31
1105.61
2100.17
1411.61
1476.39
1710.98
1611.63
1200.97
1836.42
1727.33
1299.34
501.95
1472.56
1560.08
1149.12
1575.30
1582.32
1724.57
1382.78
1313.59
1587.23
1115.29
1417.09
1214.63
1437.48
1297.26
1476.17
1668.66
1150.62
1461.05
1251.42
1543.10
1469.69
1353.15
864.29
1286.33
1848.30
1683.71
1169.29
1873.24
1205.19
935.18
1548.76
1386.92
1450.16
197.66
1017.94
1836.44
1678.75
1227.53
1192.94
1748.98
1289.90
1677.49
1813.69
1539.21
1299.99
1161.72
1814.22
1739.98
1601.26
1705.32
1649.92
1397.98
1536.96
1703.69
1005.67
1771.44
1551.76
1322.59
1452.05
2002.14
1048.92
1536.07
1389.43
1826.07
1686.28
1521.15
1419.93
1280.02
1904.99
1541.00
1270.01
1055.82
1182.92
1280.19
1281.16
1657.81
1791.99
1396.68
1256.69
819.56
1137.50
1397.88
1362.34
1582.91
1706.38
1741.94
1071.05
1483.04
1499.52
525.23
2042.71
1311.91
1472.84
1599.92
1561.28
1764.40
1071.68
898.37
1411.82
976.09
1708.63
1587.06
1744.21
706.35
1417.83
1461.12
1456.19
1513.80
1398.94
1460.22
1756.86
1278.76
1529.81
1538.97
1451.15
1897.98
1785.02
548.21
1662.93
896.14
1517.22
1793.58
1639.63
1028.55
1333.98
1458.12
1243.84
1679.87
1009.65
1473.41
1590.47
1664.60
1955.73
1779.44
1445.18
1425.19
1153.16
1542.34
1350.92
1418.06
1457.80
985.37
1015.11
1538.44
1077.01
1884.88
1236.99
1776.81
824.15
1721.39
1431.51
1799.52
1677.71
725.58
1008.41
1737.94
829.62
1348.00
1530.56
1349.52
1690.23
1244.83
1870.93
1187.96
1484.35
770.66
1486.58
1246.77
1373.13
1446.90
1578.94
1565.51
789.87
770.69
918.47
1466.18
1392.89
935.53
1460.52
950.95
1191.02
1336.16
1547.61
1728.39
1950.19
1757.41
1382.40
1833.43
1743.55
1238.14
1243.36
1003.68
1249.89
1551.96
1346.69
1699.77
1799.04
1551.98
238.44
1588.40
1341.34
1513.75
1582.89
1848.67
1344.63
1498.93
1028.99
1520.88
1179.72
1184.19
1566.29
1220.52
1675.29
1743.63
1143.62
1286.50
1483.55
990.67
1620.53
1232.71
1090.65
1666.34
1277.14
1839.00
1149.46
566.35
1282.28
1343.49
1933.38
1602.23
1710.98
1225.33
1609.57
1538.99
1537.68
1245.28
1295.26
1779.12
1309.67
1631.26
1270.35
1636.72
1983.09
2033.85
1804.44
1129.21
1002.69
978.84
1266.56
1371.53
1137.71
1834.22
1528.74
1047.45
1391.53
1598.51
1318.22
1344.41
875.40
1322.04
1205.30
609.23
1258.72
1244.54
1373.50
1223.90
1132.91
1537.20
1329.14
1480.92
1480.47
1276.10
1339.75
1707.33
845.38
1492.60
1025.31
875.46
1195.65
1187.86
1301.23
1185.30
1660.90
1459.58
1492.18
1140.58
1641.15
1224.97
1435.02
1131.08
1474.91
2137.21
1820.28
1478.64
1339.23
839.73
1603.42
1395.02
1407.61
1233.38
1650.51
1641.25
1488.04
1279.73
1338.21
1188.18
1861.14
1890.79
1991.57
1358.50
1496.60
1643.86
1447.28
1392.04
1011.90
1763.93
1247.24
1619.05
1332.67
1193.22
1629.32
1540.90
1292.73
1816.46
1388.68
1567.32
739.85
1325.63
1952.81
1520.18
1619.64
1936.65
1465.95
1386.58
1778.48
1379.59
1482.53
1338.72
1513.87
1561.80
1828.82
1034.90
864.88
1707.97
1293.00
1496.03
515.51
1314.72
1115.94
1125.92
1720.90
1206.08
1569.43
1607.41
1797.94
1332.19
1800.50
1592.84
1227.65
1428.83
1781.88
1307.35
1583.88
1589.22
1093.44
920.61
1472.72
1466.82
1294.90
1312.25
1663.91
1431.03
1116.83
1568.39
1277.73
1462.10
1686.54
1075.79
1819.07
1350.47
1892.12
885.39
1683.54
1417.81
2123.53
1353.35
1255.56
1800.39
1630.10
1310.44
1004.20
1404.71
1889.03
1428.59
1690.99
1243.85
715.93
1572.61
1205.25
1146.85
1410.19
1937.97
1139.92
1347.17
1555.41
1376.77
950.72
1521.02
1246.05
1358.32
1474.22
1318.03
1204.92
1357.14
1418.58
1597.68
1573.95
1975.99
1411.34
1146.88
1209.01
1463.74
1669.96
1529.59
1431.84
1464.33
611.22
1731.45
1063.00
1108.22
1266.53
1813.69
1631.57
1743.10
1413.41
1560.59
250.77
1428.87
1784.00
1035.34
1844.41
1458.10
1666.76
820.57
854.39
1420.35
1318.97
1911.88
1206.10
2039.59
1419.77
1218.86
1644.53
1148.84
1212.95
1960.58
1592.23
797.08
1147.58
887.57
1216.00
1095.93
1310.59
1492.30
1333.10
1558.15
933.43
1028.40
885.45
1576.55
1097.53
1520.46
1273.80
2056.28
1584.85
88.20
1518.82
1069.67
934.26
1376.77
1361.04
1231.29
1741.43
1816.04
1759.78
1054.31
640.55
1307.58
1399.27
1550.10
1384.69
1119.63
1714.28
419.42
502.75
1704.94
1565.08
411.04
898.49
1186.82
1325.38
1415.06
1287.64
1770.32
650.40
1243.62
953.74
1376.04
1517.57
1695.85
1505.57
1647.01
1756.54
1292.60
1819.25
1243.61
1591.55
1112.65
1378.54
1605.83
1109.21
1488.45
1536.11
1370.84
1565.50
1651.47
1713.33
1299.00
1111.08
1210.49
1298.38
1166.23
1564.20
1488.71
1348.60
1584.71
2068.92
1799.59
1866.18
683.00
1159.88
1289.72
2052.33
1344.96
1059.94
1457.04
1182.96
1790.96
1781.14
1835.02
1573.09
1629.94
1271.12
2129.23
1583.33
758.88
1248.12
1187.14
1225.76
1509.97
1315.67
1302.55
1572.45
1404.71
1743.63
1512.03
985.48
1309.14
1542.19
1111.67
1439.94
1572.55
1288.43
759.08
1032.53
1245.01
1339.75
1522.07
1263.85
1673.88
1564.51
968.12
1533.62
1320.74
1517.05
1305.70
1185.88
1587.16
1399.97
1815.04
2018.39
1816.41
1450.55
1176.87
1410.50
1438.69
1262.34
1507.09
1564.68
965.41
1576.32
1734.15
1785.22
1536.59
1165.93
1264.41
1282.50
1100.51
1693.05
956.54
442.45
1232.32
793.22
877.79
1186.12
1184.24
978.82
805.48
1575.73
1400.43
705.61
1472.64
1532.88
1127.45
1665.28
1776.78
1435.04
1579.64
596.29
1320.24
1531.46
1153.40
1334.94
1238.04
1136.34
1857.70
1524.76
1342.20
952.55
1942.50
1091.07
1808.58
915.95
1196.79
1374.79
1574.05
898.61
1239.84
794.83
1423.35
1571.63
1960.63
903.44
1777.17
1029.08
1371.48
1317.70
1256.23
1751.19
1367.27
1393.21
1629.73
1184.14
618.36
1275.55
1773.61
1685.93
1258.97
1704.39
2019.34
1596.76
1111.64
1348.11
1628.77
1058.26
1418.46
1360.86
1457.04
1406.78
1482.47
1521.49
1692.58
1527.41
1742.97
1666.21
1649.38
1248.79
1038.18
1370.68
1901.95
948.40
1628.43
1191.89
1181.11
1543.28
1569.26
1786.05
1329.77
1266.06
1452.55
1308.40
1749.54
1449.93
2020.94
752.25
1290.04
1441.61
1558.35
1477.94
1550.69
1843.19
1377.18
1094.48
1271.98
1671.42
1596.65
807.00
1706.28
741.81
1003.91
1657.63
1229.44
1401.39
758.19
1758.61
1557.91
1893.72
1899.72
1381.66
1482.82
1506.76
1920.52
1594.81
1291.54
1064.20
972.58
1357.36
1102.57
1643.18
1582.09
1273.23
1954.77
1591.22
1569.67
1492.95
1156.77
1825.62
1586.31
1909.36
782.65
1196.64
1034.71
1454.24
1709.74
1710.91
1478.82
1801.55
1528.12
1285.95
1382.99
1509.07
1565.97
1807.94
1137.87
1215.99
1029.70
1685.60
1513.31
1512.61
945.29
1302.93
1176.68
1041.48
1065.62
1316.72
468.86
1270.12
1296.96
1464.36
1045.16
994.33
1086.08
1676.71
607.35
965.71
1590.19
1603.30
1458.02
1609.86
1512.06
1645.73
1417.00
1478.00
1467.34
1213.78
1721.94
1546.44
1283.83
1005.51
1232.19
1343.27
1322.98
723.21
1501.31
1721.99
1584.15
1261.00
1472.34
1202.00
1692.40
1953.14
1211.71
1347.04
1860.58
1038.68
1178.23
1241.07
1556.61
1101.94
1236.21
1745.64
1635.38
1774.99
1536.67
1487.47
1697.62
1458.42
1902.18
1566.08
1747.44
1483.66
1186.27
1766.42
1405.10
1360.24
1514.99
1376.43
1600.39
1316.33
1259.36
890.23
1558.55
1667.08
1024.93
1032.69
1170.92
1408.63
1411.14
875.23
394.01
1530.73
1641.01
1635.88
1332.65
2092.60
1867.97
1835.64
1418.48
1446.18
1134.68
1210.07
1332.33
1733.39
986.27
1451.33
963.72
1530.41
1785.17
1308.18
1529.58
1286.76
1434.72
1687.29
851.77
1239.98
1223.74
1668.38
1674.61
1339.10
635.14
1279.92
1604.98
-5.11
759.55
1678.76
1473.78
1190.54
1256.13
1643.07
953.32
893.97
1571.19
1687.50
1510.81
1675.66
2043.04
1265.03
1657.14
1359.76
1715.11
1648.90
1457.76
1470.09
1942.30
896.77
1578.69
1154.54
1638.91
1470.80
660.91
1471.97
1554.35
1323.17
983.99
1323.54
1874.19
1486.88
1118.91
1285.50
1387.14
1435.53
1781.84
1709.39
692.18
375.45
1062.01
1485.20
1707.51
1748.87
1494.09
1368.52
1922.20
1805.89
1733.32
1001.44
1799.44
1613.46
1392.98
1765.26
1840.97
1172.55
1851.88
1233.41
1256.37
1268.94
1175.52
1444.14
1509.14
1596.51
1186.08
1639.93
667.63
1769.77
1323.98
1345.83
604.58
881.58
1733.79
1616.92
1748.58
1143.62
1873.35
1309.63
1058.07
1717.85
1529.94
1156.14
990.53
1145.01
1693.66
1782.90
1285.10
840.57
700.53
978.21
1192.18
1773.38
901.33
1495.73
1191.80
1397.34
1564.05
1741.37
1130.67
1217.55
1861.98
1629.26
751.08
2029.95
1642.51
1804.81
1866.72
1073.01
1044.31
868.53
1611.36
1730.84
1070.67
1368.42
1739.83
648.34
1117.48
929.37
1660.71
1475.75
1801.97
1218.78
1328.83
1378.06
1443.40
1812.75
1053.35
1746.61
1282.12
1373.93
114.38
1622.23
1578.85
1768.17
1716.70
1069.07
1451.32
369.19
1786.99
1574.52
1438.38
1572.80
765.72
1010.76
1078.11
1124.17
1242.03
1332.13
1703.61
1306.19
1453.21
1269.23
1438.59
1317.13
1530.32
1790.78
1319.92
1751.19
1552.23
1713.35
1358.97
1051.78
1354.98
1899.18
1635.10
980.97
1395.03
1620.86
1632.29
1488.09
1507.14
1626.67
1342.07
1424.64
1456.78
1805.77
1163.55
1390.31
1135.22
1773.00
1698.11
712.05
1469.18
1956.09
1967.66
1221.56
1236.29
889.39
1228.77
1857.65
1346.12
1504.89
1296.77
1009.86
1242.63
1557.92
1163.35
1654.06
1151.69
-39.96
1185.91
1569.17
1894.00
1486.38
1526.04
1938.86
1129.14
1407.35
1600.64
1617.87
1371.72
1467.60
1248.89
1534.61
1318.13
1622.69
1461.06
1292.09
1123.71
527.91
1555.90
1055.10
1624.64
1146.49
1244.30
1417.83
1540.24
1172.60
1193.57
1805.88
1004.33
2001.79
1234.60
972.41
1541.52
1064.76
1545.65
1962.27
1087.68
1882.30
1926.90
1739.51
1046.49
782.11
1083.91
1367.22
1608.92
1003.34
1755.59
1849.56
1220.61
1631.44
1006.28
885.18
1467.87
586.57
390.44
1110.76
1572.14
1690.31
1650.96
1945.28
1505.28
1791.26
1662.44
1385.84
1472.93
1582.55
1208.25
1282.92
1520.00
1807.92
1463.99
1706.90
1233.29
1730.90
1458.04
1326.74
1298.16
1058.34
2021.63
1147.43
1577.79
2066.70
917.77
1735.77
377.16
1996.62
1113.02
1736.02
1620.85
1046.71
1712.34
1991.67
1394.53
1444.42
933.49
1409.98
1709.99
1342.86
1211.20
1898.54
1079.91
1744.89
1533.57
643.05
436.10
1815.80
671.82
-3.94
1476.70
1200.54
1771.76
1507.59
1518.06
1883.97
1481.32
1325.80
1547.03
1290.78
1177.14
1641.63
1039.10
1555.04
1172.53
1391.56
1564.88
1709.81
1696.00
966.39
1378.93
1367.46
1726.53
1162.49
845.68
1313.38
977.66
1230.74
1268.44
1589.10
1367.60
1732.28
1069.57
1714.96
940.30
1862.75
1812.04
1625.62
1157.16
1369.39
893.02
1924.70
1441.92
1019.21
1640.50
839.47
1065.19
834.69
696.36
407.88
1761.46
1914.99
1580.77
1534.11
1266.19
909.25
1470.08
1654.84
1202.19
802.81
1406.45
1450.10
644.91
1229.19
1012.44
1014.36
1242.71
1806.42
1159.38
880.61
1087.53
2055.58
1381.34
1754.09
1955.10
1166.70
1399.48
1968.74
1203.91
1088.60
1243.71
1587.46
1401.45
1613.66
1161.34
1730.96
1726.88
1491.31
1119.50
1901.94
1676.37
1486.80
1735.26
1371.55
1127.26
1733.88
1451.08
1272.98
1519.56
1741.62
1279.16
835.60
1341.29
978.79
824.27
531.68
1399.54
1869.31
1718.25
1341.18
1443.18
1654.32
1697.38
1446.43
1138.51
1319.66
925.78
1762.91
1653.63
1301.68
1577.06
1114.22
1702.86
1834.53
1554.59
969.47
857.31
1501.81
1975.33
1373.19
1233.15
1332.61
1225.13
1164.84
2002.57
1485.52
1763.31
1502.45
738.48
1848.57
1305.18
1580.71
1261.78
1485.92
1110.75
1282.24
1318.45
1553.62
1439.53
1398.13
1613.80
1143.44
1096.08
1178.00
1725.74
1735.93
1502.41
1297.99
882.82
1309.49
1010.81
1801.44
979.43
1792.81
1102.75
1416.96
955.01
1546.67
1072.86
889.41
342.92
1748.51
1696.26
927.43
1296.59
1939.26
1780.51
1356.25
1931.98
1394.47
1557.59
1452.85
1357.01
1929.70
1313.58
687.31
1872.97
1438.69
1480.88
1625.13
2076.81
1460.14
1527.29
1656.75
1331.61
1159.46
1437.14
1246.25
1461.92
1315.70
2083.23
1498.46
1398.15
1603.54
1697.77
1359.05
2005.02
1146.96
1326.48
1287.28
1476.96
1851.75
856.91
1415.81
1172.54
2158.75
1703.89
821.70
1757.81
1694.47
1663.78
1653.52
1141.72
1096.00
1661.07
733.78
2084.99
1921.26
2055.43
1638.08
1618.63
1518.08
1445.29
1890.13
661.25
1699.02
1296.45
1103.40
1927.60
1381.65
1313.94
1630.02
1691.32
1489.97
1351.30
1487.82
1583.26
1602.12
873.85
1270.08
1266.21
1271.58
681.55
949.51
904.83
1533.31
869.04
1368.80
1060.35
1542.93
1730.04
1768.50
1540.11
1872.91
1447.44
1232.87
1608.39
1901.18
1005.68
880.50
1304.93
1585.94
1688.91
1635.16
1760.46
978.07
850.27
1785.12
1094.35
1732.60
982.74
1998.66
1271.35
1614.20
1359.98
1111.23
1355.49
1593.51
2041.85
1369.42
1790.24
1343.43
1463.01
1544.33
1477.52
1986.73
1503.63
1498.73
1110.03
1961.01
1201.66
918.21
1385.33
1313.09
1426.32
1189.23
1348.36
1459.50
1688.13
1508.13
1586.94
1412.32
1314.04
1382.90
669.77
1504.45
1413.48
2051.47
1943.47
918.40
689.57
1490.61
1965.46
1009.47
1883.16
690.87
1192.59
1225.19
1027.31
1935.57
1425.47
973.55
1716.34
1689.19
1403.13
934.22
1022.97
1514.56
1530.11
1974.67
1477.77
1518.89
1675.70
909.26
1801.55
1719.17
1507.48
1797.19
728.41
1648.08
1392.63
1755.22
508.50
928.92
1901.90
1773.95
1517.04
706.11
1353.78
1926.79
1734.52
1443.45
1566.47
1548.53
1292.38
1676.20
1549.48
1455.61
1120.40
1143.82
649.39
1608.00
1897.70
1568.79
1806.43
1990.40
2040.95
1506.96
1487.01
1115.51
1252.46
1421.97
759.94
1370.56
1370.99
1814.06
1089.28
1770.04
1505.37
1640.60
1624.20
1292.32
1670.48
804.86
971.33
559.57
1265.13
1104.31
1790.06
1594.15
1859.05
1433.80
921.16
1313.38
547.38
1161.04
1702.14
1518.16
1615.96
1052.16
1117.65
1440.56
1145.25
1388.95
1299.75
1078.88
1415.32
1439.12
1804.94
1112.85
1206.48
452.83
1026.62
1753.29
1470.48
1704.95
1307.36
1652.65
1436.56
1696.07
2015.90
1370.24
1754.72
1582.84
1594.33
1198.53
1281.65
1605.08
267.65
1903.29
1796.36
1336.27
1413.26
1235.59
1533.03
1132.15
1507.17
1503.61
1368.99
965.86
1678.14
1677.68
1660.61
958.62
1355.48
1782.40
29.94
1596.92
1733.86
1242.27
1217.88
1795.66
1594.66
1166.57
1686.21
1291.38
1065.35
1259.01
1798.52
1232.93
1214.67
2033.03
1427.53
1260.06
1717.61
1770.59
1258.21
1058.64
1594.81
1186.88
600.41
1398.54
1229.28
789.97
1603.21
612.64
1497.68
1230.43
1526.95
1663.06
1691.11
1379.62
1389.53
783.37
819.20
1504.47
1840.30
1300.85
1511.92
1737.57
1560.15
1280.34
1436.23
1358.79
1507.03
417.85
2005.88
1308.71
1147.15
905.45
721.09
1965.35
1313.53
1219.95
1830.99
1887.65
1304.83
1653.55
1485.07
1011.81
1659.22
1406.96
1606.26
1725.96
1476.08
1895.29
1426.00
1555.65
1159.11
1235.02
1624.79
1691.03
1526.99
1042.35
1803.61
1215.74
1484.35
1607.07
1403.82
1496.78
1096.47
1337.24
1235.33
2086.86
1164.25
1649.66
1597.67
1578.48
1910.05
1190.25
1216.47
1394.95
1529.43
1525.16
1020.00
1202.46
1431.24
1283.56
1822.59
1471.87
1113.33
1099.33
1077.84
1216.09
2019.86
1421.33
1057.70
1948.74
1520.82
1648.45
2124.66
1738.28
1614.99
1508.74
1495.41
1097.24
850.70
1518.15
1866.17
1631.51
1493.00
2015.36
1494.22
1803.00
866.63
1248.28
1157.31
1585.90
1522.28
1549.82
1139.64
1590.91
1604.77
967.33
2018.98
1295.21
1946.93
1968.48
1159.52
442.19
1394.19
1751.27
1693.94
1583.64
1127.65
1903.82
1673.18
1771.50
1508.25
1563.06
2015.85
709.04
928.12
1433.27
1197.00
1598.53
1366.19
1847.03
1053.77
1239.65
1494.59
1056.38
1623.58
1566.17
1393.07
1082.82
1592.56
1610.66
1344.27
1209.48
1940.60
1397.16
1393.85
1216.10
1382.93
1589.47
1146.47
1383.22
718.67
1067.80
1365.69
1074.72
1388.86
1657.50
1447.73
1931.98
1838.67
1773.05
1493.69
1597.82
1364.79
1765.43
1597.19
1640.35
1924.07
2107.65
1593.34
1772.78
1394.73
1589.16
1741.61
1360.81
1135.32
1886.53
1675.23
1605.99
1068.15
1513.73
2014.95
1523.85
1728.85
1516.27
1873.62
801.76
1570.95
352.30
1164.83
1623.51
1001.68
1267.73
1658.30
1828.35
1853.22
1568.87
1171.51
1229.52
1432.50
2135.49
1717.24
1407.15
1713.82
1413.57
1229.06
1612.08
1361.20
1371.61
1030.41
1506.51
1897.05
1845.65
1833.28
1449.64
914.06
1949.07
1270.28
1577.89
1333.32
1578.04
1043.28
968.41
1143.47
1409.14
1242.56
1626.38
1072.89
1545.39
1692.43
1550.18
2008.26
1800.83
614.09
1238.90
1031.35
1418.39
1872.05
1089.52
1693.49
1749.62
1001.76
1258.13
1987.99
1910.89
1541.81
1522.69
335.72
1076.18
1287.46
1441.25
1440.18
1415.62
1608.56
1458.90
1388.70
1597.83
212.45
1514.97
1699.80
1865.76
1769.93
1818.46
1406.28
1173.85
1109.80
1637.22
1076.35
1408.00
1403.00
1677.60
998.73
1785.81
1847.85
1092.97
1719.91
1125.49
1334.74
1566.67
1278.26
1825.01
1722.45
1646.31
1289.73
1524.31
1260.85
1278.99
1513.05
1380.22
1650.19
1472.33
1206.05
1069.28
1564.40
421.54
1819.35
1130.96
1096.95
1592.55
1283.84
924.36
1112.93
1423.37
1067.36
888.83
983.64
225.44
1190.37
1856.16
698.71
1619.27
1745.16
1631.76
1606.75
1812.84
1786.06
989.53
1321.69
1893.49
1387.65
1741.05
1204.27
1544.11
1620.29
1192.97
1277.55
1308.85
1586.51
1449.85
1506.74
1224.58
1761.30
975.98
1013.30
1253.48
1612.39
1161.07
1230.04
1162.12
1017.13
1342.00
1053.15
1104.57
-90.14
1465.03
1273.38
938.13
1886.07
1168.46
1831.51
1296.89
1642.57
1776.13
1549.43
1201.46
1733.68
1571.33
1716.07
1058.17
1351.57
1127.00
1710.56
769.94
1376.93
1552.67
1383.88
1872.63
1304.64
1107.40
1584.84
1512.92
2182.88
1703.28
1401.19
1732.98
1499.01
1037.21
1593.64
1062.69
1844.07
993.00
500.27
752.94
1102.03
1566.97
1828.47
1119.21
1255.72
1408.82
1027.07
1341.62
1497.71
1622.90
1532.37
2082.53
303.47
1462.87
978.89
1926.09
1232.71
1415.26
1104.89
1820.04
1275.94
1141.93
2011.05
1474.52
1222.17
1738.57
1674.23
1576.90
2045.01
1476.49
1240.46
1528.17
1434.50
1468.66
1245.84
1641.30
1276.47
1472.26
1476.48
1771.69
1724.84
2006.89
1966.22
949.54
1393.10
1516.05
1331.77
343.59
1108.57
1074.45
1865.73
1189.84
1416.68
1894.38
1097.85
1436.90
1615.69
1586.03
851.76
1043.64
1721.53
1590.05
882.75
1025.66
1916.18
1728.91
1548.48
1833.82
1369.75
919.09
1819.82
1404.81
1181.27
1937.00
1286.35
1877.90
1103.42
1710.83
1545.20
1706.02
1669.29
953.21
1572.57
1124.87
1819.26
1866.65
1351.12
1553.31
1539.26
1591.31
1021.29
952.42
1276.99
1519.40
1852.71
1053.36
1789.07
1435.71
1315.20
1437.67
1505.05
1210.50
1173.35
1833.31
2029.74
1234.08
1051.36
1161.70
1408.68
2081.74
1022.37
1758.32
1515.31
1911.76
1279.98
1847.09
1069.06
1444.73
1265.99
1350.71
1442.44
980.63
1121.39
1597.02
1180.73
1848.33
1413.44
1593.54
1579.28
1310.21
1414.19
1229.91
2059.29
1526.17
1501.65
1291.60
1035.45
1849.35
1575.86
1382.64
849.78
1265.06
1843.95
1386.48
1694.36
1989.83
1077.87
1280.37
1760.90
1508.39
1216.47
1796.75
932.15
1538.04
1511.69
1528.80
1406.62
753.87
1190.27
1623.34
925.49
1557.23
1558.79
1384.68
1552.12
1273.70
2081.25
1600.47
1522.62
1653.53
496.68
1129.13
1255.25
1526.82
1637.11
813.80
1175.53
1338.38
1579.45
1869.41
1402.43
1863.21
1808.22
1293.71
1513.07
1831.44
1522.76
1423.31
1339.33
1281.12
2072.04
1454.76
1421.19
1439.67
1645.72
1447.46
1099.42
1485.35
1802.00
1184.14
1342.03
1448.80
1620.64
1316.62
972.44
1028.66
1638.32
1691.07
1504.73
1370.48
2003.76
1446.86
1781.88
1007.13
1352.80
1009.39
1239.07
1446.12
1145.30
769.79
1393.03
853.45
1734.41
1194.23
1192.47
1729.77
1190.66
1541.07
1452.09
1170.84
1503.53
1566.52
1446.09
1422.80
1024.15
1003.78
1211.02
666.17
2063.10
1584.18
1237.01
1498.10
245.72
1195.46
1282.09
1219.89
1432.77
1969.34
1261.32
1301.00
1319.88
1873.92
1732.71
1531.61
1561.82
1153.49
1866.43
1722.67
1554.86
1519.47
1530.37
554.23
1486.62
1242.31
1156.28
2052.54
1759.44
1811.91
1436.85
1471.02
1072.49
1051.34
1788.19
1493.75
1530.57
827.51
1264.13
1676.47
1202.78
1553.86
1565.36
1757.38
451.04
1556.27
2112.05
1867.23
1162.95
1403.11
1468.62
1758.79
1734.92
1875.86
1454.29
1473.21
817.31
1467.26
1335.93
992.42
1562.42
364.92
1759.23
1060.59
1140.23
1564.73
1191.80
1817.67
1456.11
1797.65
1839.36
735.42
1851.53
1442.94
1869.94
522.21
915.91
1545.47
1717.21
1564.97
885.15
1770.00
1933.41
1020.72
979.68
957.73
1613.90
1883.14
1602.71
1950.18
1710.29
1448.31
878.75
1031.34
1542.14
2033.04
1636.87
1735.49
1001.62
1566.35
1287.01
2024.66
1185.11
1247.61
1674.67
1853.22
1020.96
1686.55
1583.25
1464.41
1557.44
1219.11
1322.65
1303.46
1922.34
523.25
1217.06
1928.70
1585.09
934.15
1469.46
1369.58
1529.56
1619.55
1969.88
1415.32
990.92
1655.24
1432.08
1658.03
1211.51
1315.51
1302.32
1306.06
1193.24
1348.63
1890.59
1526.49
1120.90
1505.24
1400.40
1208.61
1299.05
1974.39
1712.35
1425.89
1612.36
1455.33
1865.24
1577.83
1861.72
1842.46
1331.12
1677.06
1451.50
1268.45
1646.53
1728.74
1924.94
1469.72
1696.13
1666.42
882.96
1540.93
1006.56
1487.78
1797.63
1653.97
1325.03
901.35
1288.59
1579.25
1496.98
1497.96
1866.18
1844.68
1212.80
1705.76
889.41
1385.02
1266.78
1336.68
1242.59
1097.55
1622.94
1561.91
1410.78
743.63
1369.11
1248.61
1265.63
1664.76
1738.17
1389.42
1622.25
1628.99
1417.57
1281.20
1166.87
1402.09
1280.07
1842.91
977.79
1231.92
1653.67
846.17
1692.84
1441.35
1319.48
1328.09
1773.90
1430.90
1990.41
1887.96
1127.17
1648.30
1211.63
972.75
1528.82
788.76
1755.32
1932.10
1507.31
1300.23
1661.59
593.46
1739.25
1251.66
1471.46
1596.37
1040.10
1125.98
1751.71
1188.73
1181.62
1677.12
1022.13
1524.87
962.09
479.48
1594.21
1490.21
1379.96
1656.97
1427.97
1255.09
1812.87
1516.15
1534.10
1582.16
1282.86
1455.79
1000.55
1614.23
1857.25
725.13
961.01
1025.97
1664.19
2041.95
1223.80
1886.38
1540.19
1356.97
1911.38
1098.73
1886.47
1162.16
1263.90
1299.87
889.51
1655.44
1146.32
979.96
1845.14
1517.83
1235.73
1620.25
1919.93
1502.73
1494.05
1328.87
1081.11
1204.93
1487.92
1216.29
1872.12
1455.51
1365.02
1201.18
1002.61
1810.28
1509.69
1146.32
1390.55
2012.74
2114.35
1031.92
1551.32
1609.98
868.29
658.49
1624.11
1322.55
1154.78
1212.45
720.55
1662.66
1634.26
1254.50
1792.80
1597.27
1203.93
1150.33
1389.24
1176.94
1213.20
1562.13
1140.56
1171.34
894.38
1365.50
1812.61
1963.13
1599.77
1959.67
1147.33
1564.90
1491.42
1092.78
1161.19
1690.89
1042.86
1652.46
1485.40
1877.24
1357.63
1222.15
1245.65
1747.01
1063.45
1002.26
1305.95
1345.53
1152.85
1231.83
1264.01
1423.18
1504.02
1320.46
1424.69
1909.57
1477.89
1635.31
422.64
618.48
1660.95
1591.55
797.81
1797.97
1119.00
1404.98
939.74
1527.52
1175.49
2014.97
980.67
1580.97
1306.42
889.19
1854.78
1121.38
541.61
1409.70
1557.91
1666.11
1122.90
1784.21
1293.49
602.63
1859.92
1968.54
1426.98
1628.84
1321.29
2033.81
1239.88
1729.00
1136.25
1266.00
1120.25
1339.14
1448.02
1495.89
1224.86
1427.51
652.34
997.00
1436.58
1367.69
1682.49
1822.03
1510.74
996.09
1416.71
1250.47
1117.98
1480.85
1002.86
1321.08
1624.44
1338.31
1421.73
1702.99
972.20
808.52
1782.98
1289.33
1725.09
1084.94
915.05
1858.18
1371.53
1506.53
1624.01
1715.40
1241.21
489.17
1961.49
1460.60
1633.50
1359.26
1418.87
1017.61
1937.97
1574.30
1824.38
1516.11
1623.43
1040.27
1805.21
1581.76
1263.08
1630.03
1906.90
1642.71
1433.70
1742.34
1752.97
992.26
1586.94
1196.67
1106.96
1024.97
1598.57
1906.15
1262.89
837.46
1466.79
945.10
1615.82
1579.50
1253.90
1385.27
1488.62
1395.59
1262.12
1829.48
1481.86
1268.16
1078.60
1512.04
1425.97
1394.69
1043.62
1194.14
1203.41
1874.08
1221.73
1493.02
1366.67
2060.92
1608.85
1341.62
1849.41
1234.21
1795.94
1433.84
1202.94
1513.11
1647.01
1403.71
941.16
1566.55
1279.11
1019.04
1960.36
1283.01
1731.26
905.11
1565.18
1201.95
2009.74
1485.56
2010.01
1573.85
1663.76
1671.76
983.01
1427.43
961.09
1357.88
1230.26
1218.45
985.81
1704.06
1683.26
1431.48
1172.55
899.87
1512.95
1993.45
1705.07
938.26
1067.02
1065.03
1443.76
1337.96
1436.69
1547.54
1335.87
649.31
1451.79
1661.74
1277.91
1433.14
958.67
1723.56
1516.16
1375.30
886.71
2095.69
1127.03
1617.78
1564.84
1376.52
1850.92
1425.13
1586.48
1926.16
50.42
1129.01
679.35
1652.20
733.30
1169.29
1815.51
1565.69
993.15
1251.40
1423.39
1878.33
1840.94
665.18
1593.77
1133.40
2053.88
1109.91
1814.94
1658.72
1957.42
1407.88
1602.50
1136.18
1439.97
867.16
1609.62
1436.20
1273.91
1275.12
1480.65
1469.62
1613.74
-91.46
1620.18
1573.80
1380.75
1238.24
780.29
1411.95
1352.47
1354.11
1415.29
1179.81
1407.01
1273.84
436.29
1695.64
1432.99
1355.67
1331.32
1344.80
1660.29
1836.19
1279.43
1247.88
894.28
1558.92
952.21
1000.37
1413.24
1161.23
1765.91
1572.86
1077.90
1698.56
1199.32
1941.88
1164.07
945.37
1190.71
830.98
1190.79
1395.43
1358.48
1956.50
1183.68
1146.10
1229.70
1573.01
901.98
1564.58
1439.92
1206.99
1809.39
2058.81
1071.86
1232.58
1128.31
1641.13
1600.19
1263.45
1182.39
648.11
1846.40
1449.83
1587.82
1427.10
1067.99
1974.55
1483.14
1506.91
1233.86
1524.55
1522.53
1479.75
1127.60
1162.41
1474.45
1174.40
1566.45
1285.47
1001.67
1385.03
1254.28
1317.54
1266.31
1519.07
1833.31
1641.37
1088.37
1821.46
1217.38
1432.74
1286.76
1587.39
1440.02
1207.63
1531.44
1458.40
1574.29
1000.81
1173.71
1777.74
1726.29
1639.32
1585.89
1910.86
1650.87
1623.07
1546.04
1348.16
1401.39
1693.55
1615.47
1332.77
1341.92
1419.35
1258.20
786.77
1123.21
1812.32
1206.87
1740.77
1780.63
1823.21
1383.10
1101.48
1351.37
2070.77
326.04
1240.44
1242.14
1559.76
1395.66
1258.22
1360.05
834.35
765.41
1189.98
1559.65
1952.67
1587.67
1807.88
1438.07
1631.91
1577.18
1737.95
1122.15
1644.91
824.58
1056.60
1331.64
1264.71
1140.53
1608.05
1332.18
1365.75
1543.18
1607.50
1361.40
1518.49
1599.76
1214.66
1578.05
1802.05
1651.68
988.81
1101.65
1561.75
1144.83
1313.03
927.83
1088.84
1448.47
1639.23
1136.02
869.90
1056.76
1734.95
1371.05
1185.69
1129.34
1780.94
1437.92
1584.43
1697.18
1492.41
1183.40
819.50
1557.83
974.47
798.01
1592.17
2028.65
1191.17
2013.00
1253.82
1480.59
1207.51
1179.64
1240.61
1129.04
1366.91
1654.60
1174.09
1307.73
2015.79
1313.00
1232.96
1721.29
1528.90
2017.13
1432.62
1132.70
1463.39
1615.71
1270.96
1325.98
1445.63
1019.17
727.08
1706.18
1508.85
930.10
1135.51
1392.73
1077.47
1473.53
1404.01
1133.53
1408.02
1740.56
1541.78
1472.61
1679.12
1303.57
1237.43
1584.37
1854.83
1686.16
1627.57
1687.53
1522.67
1756.57
1255.97
1585.30
1332.31
1270.66
1772.65
1411.51
1267.29
1589.83
957.66
1529.01
1328.13
1247.73
1149.21
1870.89
1467.87
1422.17
1612.41
1290.37
1336.38
1091.60
1238.27
1249.46
1300.34
1510.88
1150.43
1180.91
1336.50
976.24
1260.63
1223.52
1532.85
1782.74
1271.00
1385.25
859.62
1704.14
367.18
1259.73
1040.85
1287.00
1575.15
1636.97
1866.44
1243.60
1818.44
1019.74
1088.87
1950.59
1483.68
1366.67
1312.43
1522.83
1241.70
1877.93
1681.46
1050.85
1634.35
2097.48
1868.42
1523.67
1374.98
1046.53
1493.83
1162.65
1370.46
1348.29
1099.88
856.69
1893.05
1581.97
901.86
1249.29
1544.07
1157.34
1523.56
1792.60
1153.78
987.32
1472.91
1475.40
630.70
708.00
594.56
1617.32
1689.93
1442.67
1772.14
1135.44
1790.58
1521.27
1292.87
1577.12
1931.08
1511.65
1484.36
1452.53
681.34
997.39
1532.94
1479.99
1690.18
1619.78
1257.79
1690.38
1718.17
1605.07
2013.90
1721.33
1528.80
1298.80
2009.87
1862.34
1265.36
1099.97
510.45
1793.12
1171.08
1612.93
1769.79
1476.32
880.32
1278.51
1439.18
1396.24
899.67
1183.17
1614.98
1080.61
1646.95
1323.20
1698.71
1300.63
1129.15
1197.78
1435.27
1492.63
1514.29
1499.94
1317.32
1713.60
1507.87
1500.17
1393.14
1736.00
1199.70
1836.91
1640.31
1672.96
665.43
894.43
1989.70
902.12
892.99
1444.66
1309.29
1581.68
1652.33
1422.92
1671.14
1598.26
1453.05
1948.44
1699.46
1512.56
1468.68
1397.36
1556.54
1249.31
1207.45
1472.85
1319.40
1190.13
1359.25
1704.41
1182.49
1703.57
1815.55
840.88
974.68
1665.99
1227.93
1315.05
1599.08
1451.66
1161.61
844.60
1707.29
1277.78
1133.80
1775.06
1348.14
1770.18
1356.11
1693.57
1224.26
1375.86
1623.20
1813.87
1816.35
1182.26
879.79
1131.41
1721.78
816.74
1055.29
1715.34
1203.02
1904.65
1464.46
1548.85
1977.09
1622.81
1235.28
1458.84
1612.69
1367.34
1123.75
877.91
1165.88
1737.85
1723.65
980.69
1541.90
1285.96
1590.34
1382.27
1838.32
2038.73
1708.59
1378.98
1976.82
1086.02
1035.70
823.55
1566.51
1354.31
1188.95
1479.96
1444.02
1878.30
1743.91
1731.49
1346.68
1397.16
1331.38
1605.84
1809.95
1895.74
1150.94
1101.16
1512.59
1464.38
1040.83
1507.13
1501.04
1797.45
1362.45
1288.44
1440.68
762.25
1392.87
1521.31
1412.90
1215.24
1075.30
1369.58
1541.79
1238.14
598.41
1440.03
1081.99
1649.95
1176.42
1719.53
1237.05
1612.01
1930.93
1613.18
1448.75
1785.12
1254.66
1553.70
803.50
1138.07
2036.65
1143.07
1457.80
1226.59
1506.58
-133.15
1416.53
1487.56
1229.23
2029.05
1922.00
749.91
1461.32
493.11
1483.21
1348.14
1677.11
1220.98
1817.15
1810.54
707.27
565.33
1316.21
1278.11
1392.56
1527.80
1045.63
1523.57
992.39
1703.07
1421.53
1122.62
958.11
1134.46
1512.82
1757.76
992.94
1550.96
1401.70
1380.22
920.27
1045.09
1417.53
1416.92
1169.33
1270.64
1039.07
1583.77
916.65
1210.47
1529.24
1620.97
1688.55
1576.79
1409.89
1019.80
1818.13
821.25
1364.15
1374.36
1420.85
1198.01
1289.34
1354.55
1312.38
1322.29
1475.85
1805.70
1946.64
1733.87
914.81
1733.59
1136.05
1375.84
1869.92
1469.51
1548.03
1142.30
1190.38
1428.53
1632.02
1324.60
1723.49
1747.85
841.26
1468.28
1548.79
1819.65
1097.20
846.97
1047.16
1235.96
2017.08
812.82
1717.92
1326.97
1120.55
100.33
1538.37
1129.34
1456.41
866.12
1054.10
1308.04
1233.64
1609.72
1877.40
1020.03
1489.91
1004.97
661.41
1627.63
1336.28
1000.58
1461.66
1736.72
1333.15
1540.60
1389.27
1229.75
1485.67
1368.18
1367.44
1389.98
648.07
765.58
774.29
1550.43
1173.78
1092.32
1221.02
1548.70
1097.10
985.07
1615.39
882.57
1284.50
1389.11
1566.97
1446.54
803.53
1474.91
1555.89
1626.74
1341.33
1979.16
1337.56
1456.18
2008.70
1115.68
1602.83
1309.54
1629.61
1341.08
1226.65
1478.64
1316.20
1831.67
1850.61
1846.90
1740.45
1605.79
1415.54
1579.45
1531.08
1480.95
1246.86
955.18
1528.04
2149.40
1710.42
1842.37
1228.75
967.93
1390.09
1473.06
1628.03
1684.71
789.38
1362.08
886.60
1427.36
1818.27
1284.00
1511.87
1225.76
340.55
1511.92
1262.87
1512.30
1310.02
1340.24
2019.29
1566.66
800.52
1190.96
1542.26
1104.22
1553.39
1499.68
1411.21
1381.35
795.19
884.47
1882.69
1207.78
1613.30
1862.42
1537.39
1479.36
1872.98
1118.10
1141.34
1349.27
1253.00
1443.04
1008.20
1737.67
1638.05
1232.83
357.08
1239.48
1376.29
1384.20
1375.63
1731.16
1081.07
696.72
1234.65
1105.57
1796.18
1476.18
998.96
1818.75
1682.42
1718.04
1301.42
1092.71
939.59
1464.13
1618.74
1804.88
565.12
1748.88
1634.00
1745.72
1381.61
1754.50
1283.00
400.60
1725.54
1599.24
1560.64
1548.70
1034.95
1286.47
1325.63
892.09
1797.67
1287.26
1245.13
1418.21
1128.15
777.70
1416.20
2127.58
1565.22
890.90
1299.29
1174.28
1448.21
1470.84
1271.34
1574.77
1321.77
1474.45
1849.47
1470.55
1234.41
1505.66
1985.76
1305.23
1423.69
1595.29
1263.09
1141.68
1447.72
1032.54
1408.81
862.71
1368.12
1254.75
1341.12
1356.01
1074.65
1324.19
1954.69
932.52
1963.19
1335.04
1388.08
1109.39
1455.93
2020.24
1408.11
1358.16
1281.30
1264.77
1079.68
1728.61
1350.43
1781.91
1545.83
1607.43
1046.72
1424.50
1587.23
1768.34
1256.81
1228.37
1468.57
676.47
1725.03
1644.28
1715.09
1558.06
1700.91
1316.62
1737.41
650.19
1192.67
934.15
1304.45
964.53
1875.04
1337.57
1229.06
1257.77
1656.17
1103.78
-179.37
1118.02
1405.02
1789.91
1945.29
1838.93
1536.31
1718.32
1049.21
1489.46
1158.18
1444.38
1426.51
598.82
1013.93
1586.90
1436.20
980.85
1242.44
1621.95
1594.87
1590.74
1739.54
1477.84
1925.26
1690.65
1357.16
1751.30
1415.43
1208.42
895.00
1166.00
897.52
1693.31
1585.74
1631.06
1360.30
1438.66
1136.45
1139.18
1031.14
1705.35
1809.02
1418.29
1903.99
1501.81
1349.61
1674.61
1146.07
1109.54
1062.92
1610.16
1255.74
1269.61
1123.79
1697.20
1680.07
1419.31
1555.02
980.70
1854.34
935.30
1279.87
1532.68
1273.08
1333.79
1481.79
1322.29
1300.93
1153.30
2009.59
1571.54
1171.83
1741.93
1247.46
1678.97
864.42
1728.81
1639.55
762.77
1278.59
1378.93
334.00
1241.11
1421.93
1245.84
1514.57
1329.70
1380.40
1594.07
1917.75
649.36
1553.09
964.19
1463.62
1321.21
1189.29
1946.81
1807.12
1568.98
1410.94
1453.96
1968.84
1322.56
1639.99
1314.56
1444.37
1219.70
1736.13
557.66
1095.22
1160.65
1076.51
1779.34
841.87
1358.35
1945.60
1337.08
1457.08
677.57
1250.23
1308.74
1266.22
1116.79
902.91
1468.82
1460.83
2084.93
1521.97
1791.07
863.81
1513.72
1670.16
1591.94
1500.67
1896.41
1143.17
1286.25
1250.26
1301.49
2146.40
1603.15
1495.58
1209.70
1570.54
862.59
1329.37
884.05
1688.06
1351.87
1475.88
1399.28
1713.75
1982.35
1616.91
631.36
1456.36
1642.03
1441.27
1077.41
1499.00
1287.93
1481.25
1085.85
2046.73
1432.86
1381.72
1646.41
1886.43
1586.10
1160.83
1726.40
1466.44
1276.25
733.61
1618.46
1649.04
1412.12
1404.14
1850.67
943.51
358.78
914.96
1819.93
1206.76
